{
 "cells": [
  {
   "cell_type": "markdown",
   "metadata": {
    "collapsed": true
   },
   "source": [
    "# Before your start:\n",
    "- Read the README.md file\n",
    "- Comment as much as you can and use the resources in the README.md file\n",
    "- Happy learning!"
   ]
  },
  {
   "cell_type": "code",
   "execution_count": 1,
   "metadata": {},
   "outputs": [],
   "source": [
    "# Import your libraries:\n",
    "\n",
    "import numpy as np\n",
    "import pandas as pd"
   ]
  },
  {
   "cell_type": "markdown",
   "metadata": {},
   "source": [
    "# Challenge 1 - Explore The Data\n",
    "\n",
    "This lesson will explore the creation of a machine learning pipeline from beggining to end. We will save our model and use the model to make predictions on data outside of our training sample. Let's start by loading the dataset which can be obtained from [Kaggle](https://www.kaggle.com/uciml/mushroom-classification) and [UCI Machine Learning Repository](https://archive.ics.uci.edu/ml/datasets/mushroom)."
   ]
  },
  {
   "cell_type": "code",
   "execution_count": 2,
   "metadata": {},
   "outputs": [],
   "source": [
    "# Loading the data\n",
    "\n",
    "mushrooms = pd.read_csv('../mushrooms.csv')"
   ]
  },
  {
   "cell_type": "markdown",
   "metadata": {},
   "source": [
    "This dataset contains information about different types of mushrooms. Our response variable indicates whether a mushroom is poisonous. \n",
    "\n",
    "####  We will create a model to predict whether a mushroom is poisonous (the `class` column) using the information in all other columns.\n",
    "\n",
    "Let's print the `head()` of this dataset to see what columns we have in our data."
   ]
  },
  {
   "cell_type": "code",
   "execution_count": 4,
   "metadata": {},
   "outputs": [
    {
     "data": {
      "text/html": [
       "<div>\n",
       "<style scoped>\n",
       "    .dataframe tbody tr th:only-of-type {\n",
       "        vertical-align: middle;\n",
       "    }\n",
       "\n",
       "    .dataframe tbody tr th {\n",
       "        vertical-align: top;\n",
       "    }\n",
       "\n",
       "    .dataframe thead th {\n",
       "        text-align: right;\n",
       "    }\n",
       "</style>\n",
       "<table border=\"1\" class=\"dataframe\">\n",
       "  <thead>\n",
       "    <tr style=\"text-align: right;\">\n",
       "      <th></th>\n",
       "      <th>class</th>\n",
       "      <th>cap-shape</th>\n",
       "      <th>cap-surface</th>\n",
       "      <th>cap-color</th>\n",
       "      <th>bruises</th>\n",
       "      <th>odor</th>\n",
       "      <th>gill-attachment</th>\n",
       "      <th>gill-spacing</th>\n",
       "      <th>gill-size</th>\n",
       "      <th>gill-color</th>\n",
       "      <th>...</th>\n",
       "      <th>stalk-surface-below-ring</th>\n",
       "      <th>stalk-color-above-ring</th>\n",
       "      <th>stalk-color-below-ring</th>\n",
       "      <th>veil-type</th>\n",
       "      <th>veil-color</th>\n",
       "      <th>ring-number</th>\n",
       "      <th>ring-type</th>\n",
       "      <th>spore-print-color</th>\n",
       "      <th>population</th>\n",
       "      <th>habitat</th>\n",
       "    </tr>\n",
       "  </thead>\n",
       "  <tbody>\n",
       "    <tr>\n",
       "      <th>0</th>\n",
       "      <td>p</td>\n",
       "      <td>x</td>\n",
       "      <td>s</td>\n",
       "      <td>n</td>\n",
       "      <td>t</td>\n",
       "      <td>p</td>\n",
       "      <td>f</td>\n",
       "      <td>c</td>\n",
       "      <td>n</td>\n",
       "      <td>k</td>\n",
       "      <td>...</td>\n",
       "      <td>s</td>\n",
       "      <td>w</td>\n",
       "      <td>w</td>\n",
       "      <td>p</td>\n",
       "      <td>w</td>\n",
       "      <td>o</td>\n",
       "      <td>p</td>\n",
       "      <td>k</td>\n",
       "      <td>s</td>\n",
       "      <td>u</td>\n",
       "    </tr>\n",
       "    <tr>\n",
       "      <th>1</th>\n",
       "      <td>e</td>\n",
       "      <td>x</td>\n",
       "      <td>s</td>\n",
       "      <td>y</td>\n",
       "      <td>t</td>\n",
       "      <td>a</td>\n",
       "      <td>f</td>\n",
       "      <td>c</td>\n",
       "      <td>b</td>\n",
       "      <td>k</td>\n",
       "      <td>...</td>\n",
       "      <td>s</td>\n",
       "      <td>w</td>\n",
       "      <td>w</td>\n",
       "      <td>p</td>\n",
       "      <td>w</td>\n",
       "      <td>o</td>\n",
       "      <td>p</td>\n",
       "      <td>n</td>\n",
       "      <td>n</td>\n",
       "      <td>g</td>\n",
       "    </tr>\n",
       "    <tr>\n",
       "      <th>2</th>\n",
       "      <td>e</td>\n",
       "      <td>b</td>\n",
       "      <td>s</td>\n",
       "      <td>w</td>\n",
       "      <td>t</td>\n",
       "      <td>l</td>\n",
       "      <td>f</td>\n",
       "      <td>c</td>\n",
       "      <td>b</td>\n",
       "      <td>n</td>\n",
       "      <td>...</td>\n",
       "      <td>s</td>\n",
       "      <td>w</td>\n",
       "      <td>w</td>\n",
       "      <td>p</td>\n",
       "      <td>w</td>\n",
       "      <td>o</td>\n",
       "      <td>p</td>\n",
       "      <td>n</td>\n",
       "      <td>n</td>\n",
       "      <td>m</td>\n",
       "    </tr>\n",
       "    <tr>\n",
       "      <th>3</th>\n",
       "      <td>p</td>\n",
       "      <td>x</td>\n",
       "      <td>y</td>\n",
       "      <td>w</td>\n",
       "      <td>t</td>\n",
       "      <td>p</td>\n",
       "      <td>f</td>\n",
       "      <td>c</td>\n",
       "      <td>n</td>\n",
       "      <td>n</td>\n",
       "      <td>...</td>\n",
       "      <td>s</td>\n",
       "      <td>w</td>\n",
       "      <td>w</td>\n",
       "      <td>p</td>\n",
       "      <td>w</td>\n",
       "      <td>o</td>\n",
       "      <td>p</td>\n",
       "      <td>k</td>\n",
       "      <td>s</td>\n",
       "      <td>u</td>\n",
       "    </tr>\n",
       "    <tr>\n",
       "      <th>4</th>\n",
       "      <td>e</td>\n",
       "      <td>x</td>\n",
       "      <td>s</td>\n",
       "      <td>g</td>\n",
       "      <td>f</td>\n",
       "      <td>n</td>\n",
       "      <td>f</td>\n",
       "      <td>w</td>\n",
       "      <td>b</td>\n",
       "      <td>k</td>\n",
       "      <td>...</td>\n",
       "      <td>s</td>\n",
       "      <td>w</td>\n",
       "      <td>w</td>\n",
       "      <td>p</td>\n",
       "      <td>w</td>\n",
       "      <td>o</td>\n",
       "      <td>e</td>\n",
       "      <td>n</td>\n",
       "      <td>a</td>\n",
       "      <td>g</td>\n",
       "    </tr>\n",
       "  </tbody>\n",
       "</table>\n",
       "<p>5 rows × 23 columns</p>\n",
       "</div>"
      ],
      "text/plain": [
       "  class cap-shape cap-surface cap-color bruises odor gill-attachment  \\\n",
       "0     p         x           s         n       t    p               f   \n",
       "1     e         x           s         y       t    a               f   \n",
       "2     e         b           s         w       t    l               f   \n",
       "3     p         x           y         w       t    p               f   \n",
       "4     e         x           s         g       f    n               f   \n",
       "\n",
       "  gill-spacing gill-size gill-color  ... stalk-surface-below-ring  \\\n",
       "0            c         n          k  ...                        s   \n",
       "1            c         b          k  ...                        s   \n",
       "2            c         b          n  ...                        s   \n",
       "3            c         n          n  ...                        s   \n",
       "4            w         b          k  ...                        s   \n",
       "\n",
       "  stalk-color-above-ring stalk-color-below-ring veil-type veil-color  \\\n",
       "0                      w                      w         p          w   \n",
       "1                      w                      w         p          w   \n",
       "2                      w                      w         p          w   \n",
       "3                      w                      w         p          w   \n",
       "4                      w                      w         p          w   \n",
       "\n",
       "  ring-number ring-type spore-print-color population habitat  \n",
       "0           o         p                 k          s       u  \n",
       "1           o         p                 n          n       g  \n",
       "2           o         p                 n          n       m  \n",
       "3           o         p                 k          s       u  \n",
       "4           o         e                 n          a       g  \n",
       "\n",
       "[5 rows x 23 columns]"
      ]
     },
     "execution_count": 4,
     "metadata": {},
     "output_type": "execute_result"
    }
   ],
   "source": [
    "# Your code here:\n",
    "mushrooms.head()"
   ]
  },
  {
   "cell_type": "code",
   "execution_count": 14,
   "metadata": {},
   "outputs": [
    {
     "data": {
      "text/plain": [
       "(8124, 23)"
      ]
     },
     "execution_count": 14,
     "metadata": {},
     "output_type": "execute_result"
    }
   ],
   "source": [
    "mushrooms.shape"
   ]
  },
  {
   "cell_type": "markdown",
   "metadata": {},
   "source": [
    "#### It looks like the columns in this dataset are coded. \n",
    "\n",
    "Let's examine the column types using `dtypes` to confirm this. "
   ]
  },
  {
   "cell_type": "code",
   "execution_count": 6,
   "metadata": {},
   "outputs": [
    {
     "data": {
      "text/plain": [
       "class                       object\n",
       "cap-shape                   object\n",
       "cap-surface                 object\n",
       "cap-color                   object\n",
       "bruises                     object\n",
       "odor                        object\n",
       "gill-attachment             object\n",
       "gill-spacing                object\n",
       "gill-size                   object\n",
       "gill-color                  object\n",
       "stalk-shape                 object\n",
       "stalk-root                  object\n",
       "stalk-surface-above-ring    object\n",
       "stalk-surface-below-ring    object\n",
       "stalk-color-above-ring      object\n",
       "stalk-color-below-ring      object\n",
       "veil-type                   object\n",
       "veil-color                  object\n",
       "ring-number                 object\n",
       "ring-type                   object\n",
       "spore-print-color           object\n",
       "population                  object\n",
       "habitat                     object\n",
       "dtype: object"
      ]
     },
     "execution_count": 6,
     "metadata": {},
     "output_type": "execute_result"
    }
   ],
   "source": [
    "# Your code here:\n",
    "mushrooms.dtypes"
   ]
  },
  {
   "cell_type": "markdown",
   "metadata": {},
   "source": [
    "In this dataset, each column (feature) of the mushroom is represented by a single-character code. It would be best if we can obtain a dictionary of these codes so that we know what possible codes each column has and what each code represents. This dictionary can be obtained from the [UCI Machine Learning Repository](https://archive.ics.uci.edu/ml/datasets/mushroom). In the table below, we print the code dictionary for you to reference.\n",
    "\n",
    "| Features | Codes |\n",
    "|---|---|\n",
    "| classes | edible=e, poisonous=p |\n",
    "| cap-shape | bell=b,conical=c,convex=x,flat=f,knobbed=k,sunken=s |\n",
    "| cap-surface | fibrous=f,grooves=g,scaly=y,smooth=s |\n",
    "| cap-color | brown=n,buff=b,cinnamon=c,gray=g,green=r,pink=p,purple=u,red=e,white=w,yellow=y |\n",
    "| bruises | bruises=t,no=f |\n",
    "| odor | almond=a,anise=l,creosote=c,fishy=y,foul=f,musty=m,none=n,pungent=p,spicy=s |\n",
    "| gill-attachment | attached=a,descending=d,free=f,notched=n |\n",
    "| gill-spacing | close=c,crowded=w,distant=d |\n",
    "| gill-size | broad=b,narrow=n |\n",
    "| gill-color | black=k,brown=n,buff=b,chocolate=h,gray=g, green=r,orange=o,pink=p,purple=u,red=e,white=w,yellow=y |\n",
    "| stalk-shape | enlarging=e,tapering=t |\n",
    "| stalk-root | bulbous=b,club=c,cup=u,equal=e,rhizomorphs=z,rooted=r,missing=? |\n",
    "| stalk-surface-above-ring | fibrous=f,scaly=y,silky=k,smooth=s |\n",
    "| stalk-surface-below-ring | fibrous=f,scaly=y,silky=k,smooth=s |\n",
    "| stalk-color-above-ring | brown=n,buff=b,cinnamon=c,gray=g,orange=o,pink=p,red=e,white=w,yellow=y |\n",
    "| stalk-color-below-ring | brown=n,buff=b,cinnamon=c,gray=g,orange=o,pink=p,red=e,white=w,yellow=y |\n",
    "| veil-type | partial=p,universal=u |\n",
    "| veil-color | brown=n,orange=o,white=w,yellow=y |\n",
    "| ring-number | none=n,one=o,two=t |\n",
    "| ring-type | cobwebby=c,evanescent=e,flaring=f,large=l,none=n,pendant=p,sheathing=s,zone=z |\n",
    "| spore-print-color | black=k,brown=n,buff=b,chocolate=h,green=r,orange=o,purple=u,white=w,yellow=y |\n",
    "| population | abundant=a,clustered=c,numerous=n,scattered=s,several=v,solitary=y |\n",
    "| habitat | grasses=g,leaves=l,meadows=m,paths=p,urban=u,waste=w,woods=d\n"
   ]
  },
  {
   "cell_type": "markdown",
   "metadata": {},
   "source": [
    "**The columns in the mushrooms dataset seem to be correlated**. We suspect this because many columns seem to have dependencies. For example, if `ring-number` is `n` (none), `ring-type` must be `n` (none) too. Only when `ring-number` is `o` (one) or `t` (two) `ring-type` can be values other than `n`. Other columns may have inter-dependencies too but we can't tell right now. \n",
    "\n",
    "Why are we concerned about the variable correlations (also called *multicollinearity*)? It's because if they are strongly correlated, we shouldn't use the linear regression algorithm as the machine learning model. The prediction of the linear regression model is known to be unstable and inaccurate if the variables are strongly correlated. You can read more about why [here](https://en.wikipedia.org/wiki/Multicollinearity#Consequences_of_multicollinearity).\n",
    "\n",
    "So far it's just our suspicion that the variables are strongly correlated. We need to verify that. Since all the columns are categorical, we cannot use a correlation matrix to examine the degrees of correlations. There are several ways to test whether categorical variables are correlated. The first way is to convert the categorical values to ordinal, then calcualte the correlation matrix with the numerical values. The second way is to use a [Chi-Square test of independence](https://onlinecourses.science.psu.edu/stat500/node/56/) to find out whether there is correlation between each pair of variables. We will use the second way in this lab. So read the explanation of Chi-Square test of independence to understand what it does.\n",
    "\n",
    "We will begin with the first 2 variables (`cap-shape` and `cap-surface`). Our **null hypothesis of the Chi-Square test of independence is that the two variables are independent** and the **alternative hypothesis is that they are not independent**. To perform Chi-Squre test of independence, we first create a contingency table of those two features using Pandas' [`crosstab`](https://pandas.pydata.org/pandas-docs/stable/generated/pandas.crosstab.html) function, then use Scipy's [`chi2_contingency`](https://docs.scipy.org/doc/scipy-0.15.1/reference/generated/scipy.stats.chi2_contingency.html) to test the variable independence from the contingency table.\n",
    "\n",
    "#### In the following cell, create a contingency table of `cap-surface` and `cap-shape`. Assign this table to the variable `ct`."
   ]
  },
  {
   "cell_type": "code",
   "execution_count": 8,
   "metadata": {},
   "outputs": [
    {
     "data": {
      "text/html": [
       "<div>\n",
       "<style scoped>\n",
       "    .dataframe tbody tr th:only-of-type {\n",
       "        vertical-align: middle;\n",
       "    }\n",
       "\n",
       "    .dataframe tbody tr th {\n",
       "        vertical-align: top;\n",
       "    }\n",
       "\n",
       "    .dataframe thead th {\n",
       "        text-align: right;\n",
       "    }\n",
       "</style>\n",
       "<table border=\"1\" class=\"dataframe\">\n",
       "  <thead>\n",
       "    <tr style=\"text-align: right;\">\n",
       "      <th>cap-shape</th>\n",
       "      <th>b</th>\n",
       "      <th>c</th>\n",
       "      <th>f</th>\n",
       "      <th>k</th>\n",
       "      <th>s</th>\n",
       "      <th>x</th>\n",
       "    </tr>\n",
       "    <tr>\n",
       "      <th>cap-surface</th>\n",
       "      <th></th>\n",
       "      <th></th>\n",
       "      <th></th>\n",
       "      <th></th>\n",
       "      <th></th>\n",
       "      <th></th>\n",
       "    </tr>\n",
       "  </thead>\n",
       "  <tbody>\n",
       "    <tr>\n",
       "      <th>f</th>\n",
       "      <td>52</td>\n",
       "      <td>0</td>\n",
       "      <td>1016</td>\n",
       "      <td>60</td>\n",
       "      <td>32</td>\n",
       "      <td>1160</td>\n",
       "    </tr>\n",
       "    <tr>\n",
       "      <th>g</th>\n",
       "      <td>1</td>\n",
       "      <td>1</td>\n",
       "      <td>1</td>\n",
       "      <td>1</td>\n",
       "      <td>0</td>\n",
       "      <td>0</td>\n",
       "    </tr>\n",
       "    <tr>\n",
       "      <th>s</th>\n",
       "      <td>244</td>\n",
       "      <td>0</td>\n",
       "      <td>820</td>\n",
       "      <td>418</td>\n",
       "      <td>0</td>\n",
       "      <td>1074</td>\n",
       "    </tr>\n",
       "    <tr>\n",
       "      <th>y</th>\n",
       "      <td>155</td>\n",
       "      <td>3</td>\n",
       "      <td>1315</td>\n",
       "      <td>349</td>\n",
       "      <td>0</td>\n",
       "      <td>1422</td>\n",
       "    </tr>\n",
       "  </tbody>\n",
       "</table>\n",
       "</div>"
      ],
      "text/plain": [
       "cap-shape      b  c     f    k   s     x\n",
       "cap-surface                             \n",
       "f             52  0  1016   60  32  1160\n",
       "g              1  1     1    1   0     0\n",
       "s            244  0   820  418   0  1074\n",
       "y            155  3  1315  349   0  1422"
      ]
     },
     "execution_count": 8,
     "metadata": {},
     "output_type": "execute_result"
    }
   ],
   "source": [
    "# Your code here:\n",
    "ct = pd.crosstab(mushrooms['cap-surface'], mushrooms['cap-shape'])\n",
    "ct"
   ]
  },
  {
   "cell_type": "markdown",
   "metadata": {},
   "source": [
    "Let's import the chi quare test:"
   ]
  },
  {
   "cell_type": "code",
   "execution_count": 9,
   "metadata": {},
   "outputs": [],
   "source": [
    "from scipy.stats import chi2_contingency"
   ]
  },
  {
   "cell_type": "markdown",
   "metadata": {},
   "source": [
    "In the following cell perform the chi square test on the contingency table using the function you just imported. This function wil return a tuple with 4 values. The second value in the tuple is the p-value for our test. Print the p-value and interpret the result - is the null hypothesis rejected? "
   ]
  },
  {
   "cell_type": "code",
   "execution_count": 10,
   "metadata": {},
   "outputs": [
    {
     "data": {
      "text/plain": [
       "(1011.4930034066986,\n",
       " 4.635777687474967e-206,\n",
       " 15,\n",
       " array([[1.29079271e+02, 1.14229444e+00, 9.00128016e+02, 2.36454948e+02,\n",
       "         9.13835549e+00, 1.04405711e+03],\n",
       "        [2.22550468e-01, 1.96947317e-03, 1.55194485e+00, 4.07680945e-01,\n",
       "         1.57557853e-02, 1.80009847e+00],\n",
       "        [1.42209749e+02, 1.25849335e+00, 9.91692762e+02, 2.60508124e+02,\n",
       "         1.00679468e+01, 1.15026292e+03],\n",
       "        [1.80488429e+02, 1.59724274e+00, 1.25862728e+03, 3.30629247e+02,\n",
       "         1.27779419e+01, 1.45987986e+03]]))"
      ]
     },
     "execution_count": 10,
     "metadata": {},
     "output_type": "execute_result"
    }
   ],
   "source": [
    "# Your code here:\n",
    "chi2_contingency(ct)"
   ]
  },
  {
   "cell_type": "markdown",
   "metadata": {},
   "source": [
    "# Your comment here\n",
    "\n",
    "    Para xi cuadrada:\n",
    "    H0 = son independientes\n",
    "    H1 = son dependientes\n",
    "\n",
    "'''el valos de p es casi cero por lo que rechazamos H0, por lo tanto las variables no son independientes'''"
   ]
  },
  {
   "cell_type": "markdown",
   "metadata": {},
   "source": [
    "## Now let's create a p-value matrix for all variables.\n",
    "\n",
    "In the cell below, create a 2-dimensional matrix of all pairwise tests for each two features. Print the matrix and interpret the results.\n",
    "\n",
    "Below is an example of what your matrix should look like:\n",
    "![corr df](../corr_df.png)\n",
    "\n",
    "*Hint: Use loop inside loop to perform pairwise tests for each two features.*"
   ]
  },
  {
   "cell_type": "code",
   "execution_count": 37,
   "metadata": {},
   "outputs": [],
   "source": [
    "# Your code here:\n",
    "lista =[]\n",
    "lista_lista=[]\n",
    "for i in mushrooms:\n",
    "    for j in mushrooms:\n",
    "        ct = pd.crosstab(mushrooms[i], mushrooms[j])\n",
    "        xi = chi2_contingency(ct)\n",
    "        lista.append(xi[1])\n",
    "   "
   ]
  },
  {
   "cell_type": "code",
   "execution_count": 69,
   "metadata": {},
   "outputs": [
    {
     "data": {
      "text/plain": [
       "array([[0.00000000e+000, 1.19645657e-103, 5.51842704e-068,\n",
       "        6.05581460e-078, 0.00000000e+000, 0.00000000e+000,\n",
       "        5.50170741e-031, 5.02297761e-216, 0.00000000e+000,\n",
       "        0.00000000e+000, 4.60474621e-020, 7.70204790e-290,\n",
       "        0.00000000e+000, 0.00000000e+000, 0.00000000e+000,\n",
       "        0.00000000e+000, 1.00000000e+000, 3.32097275e-041,\n",
       "        4.23575764e-082, 0.00000000e+000, 0.00000000e+000,\n",
       "        0.00000000e+000, 0.00000000e+000],\n",
       "       [1.19645657e-103, 0.00000000e+000, 4.63577769e-206,\n",
       "        1.24997484e-220, 1.81111948e-112, 0.00000000e+000,\n",
       "        3.13564569e-040, 1.87977232e-010, 5.16917922e-209,\n",
       "        0.00000000e+000, 2.37257839e-163, 0.00000000e+000,\n",
       "        2.36314683e-123, 1.91110209e-056, 0.00000000e+000,\n",
       "        2.92826292e-221, 1.00000000e+000, 1.66171159e-252,\n",
       "        2.33165165e-132, 1.79300402e-286, 0.00000000e+000,\n",
       "        0.00000000e+000, 0.00000000e+000],\n",
       "       [5.51842704e-068, 4.63577769e-206, 0.00000000e+000,\n",
       "        1.23799754e-243, 1.35984419e-031, 5.62429497e-278,\n",
       "        5.75818577e-078, 3.83113075e-201, 3.44979719e-135,\n",
       "        0.00000000e+000, 6.54280772e-011, 0.00000000e+000,\n",
       "        2.66396009e-103, 9.62195737e-145, 0.00000000e+000,\n",
       "        0.00000000e+000, 1.00000000e+000, 3.84560188e-089,\n",
       "        6.79034250e-032, 3.97573732e-256, 1.07639844e-263,\n",
       "        0.00000000e+000, 0.00000000e+000],\n",
       "       [6.05581460e-078, 1.24997484e-220, 1.23799754e-243,\n",
       "        0.00000000e+000, 2.34762553e-077, 0.00000000e+000,\n",
       "        7.29046604e-102, 3.85946188e-274, 0.00000000e+000,\n",
       "        0.00000000e+000, 0.00000000e+000, 0.00000000e+000,\n",
       "        0.00000000e+000, 0.00000000e+000, 0.00000000e+000,\n",
       "        0.00000000e+000, 1.00000000e+000, 6.12152382e-100,\n",
       "        0.00000000e+000, 0.00000000e+000, 0.00000000e+000,\n",
       "        0.00000000e+000, 0.00000000e+000],\n",
       "       [0.00000000e+000, 1.81111948e-112, 1.35984419e-031,\n",
       "        2.34762553e-077, 0.00000000e+000, 0.00000000e+000,\n",
       "        8.03346622e-035, 4.13975637e-160, 5.66266064e-243,\n",
       "        0.00000000e+000, 4.13487095e-019, 0.00000000e+000,\n",
       "        0.00000000e+000, 0.00000000e+000, 0.00000000e+000,\n",
       "        0.00000000e+000, 1.00000000e+000, 2.12544239e-031,\n",
       "        1.19303905e-009, 0.00000000e+000, 0.00000000e+000,\n",
       "        2.21726636e-156, 0.00000000e+000],\n",
       "       [0.00000000e+000, 0.00000000e+000, 5.62429497e-278,\n",
       "        0.00000000e+000, 0.00000000e+000, 0.00000000e+000,\n",
       "        4.51896238e-115, 0.00000000e+000, 0.00000000e+000,\n",
       "        0.00000000e+000, 0.00000000e+000, 0.00000000e+000,\n",
       "        0.00000000e+000, 0.00000000e+000, 0.00000000e+000,\n",
       "        0.00000000e+000, 1.00000000e+000, 6.51433411e-043,\n",
       "        0.00000000e+000, 0.00000000e+000, 0.00000000e+000,\n",
       "        0.00000000e+000, 0.00000000e+000],\n",
       "       [5.50170741e-031, 3.13564569e-040, 5.75818577e-078,\n",
       "        7.29046604e-102, 8.03346622e-035, 4.51896238e-115,\n",
       "        0.00000000e+000, 2.17330039e-010, 1.89182394e-022,\n",
       "        0.00000000e+000, 6.93685965e-063, 8.01577353e-085,\n",
       "        1.13449201e-015, 3.35780314e-027, 0.00000000e+000,\n",
       "        0.00000000e+000, 1.00000000e+000, 0.00000000e+000,\n",
       "        5.57976123e-074, 3.12596900e-109, 0.00000000e+000,\n",
       "        4.61332661e-299, 0.00000000e+000],\n",
       "       [5.02297761e-216, 1.87977232e-010, 3.83113075e-201,\n",
       "        3.85946188e-274, 4.13975637e-160, 0.00000000e+000,\n",
       "        2.17330039e-010, 0.00000000e+000, 2.20687395e-022,\n",
       "        8.71765078e-178, 3.84392199e-013, 0.00000000e+000,\n",
       "        0.00000000e+000, 6.95900807e-303, 6.10040589e-277,\n",
       "        5.62218043e-242, 1.00000000e+000, 4.86741229e-017,\n",
       "        3.45875055e-107, 7.13088762e-147, 9.68767057e-162,\n",
       "        0.00000000e+000, 0.00000000e+000],\n",
       "       [0.00000000e+000, 5.16917922e-209, 3.44979719e-135,\n",
       "        0.00000000e+000, 5.66266064e-243, 0.00000000e+000,\n",
       "        1.89182394e-022, 2.20687395e-022, 0.00000000e+000,\n",
       "        0.00000000e+000, 3.92336857e-083, 0.00000000e+000,\n",
       "        1.17647965e-050, 7.22417714e-040, 1.04335029e-229,\n",
       "        4.66442407e-206, 1.00000000e+000, 1.00647654e-022,\n",
       "        8.54420138e-068, 0.00000000e+000, 0.00000000e+000,\n",
       "        0.00000000e+000, 0.00000000e+000],\n",
       "       [0.00000000e+000, 0.00000000e+000, 0.00000000e+000,\n",
       "        0.00000000e+000, 0.00000000e+000, 0.00000000e+000,\n",
       "        0.00000000e+000, 8.71765078e-178, 0.00000000e+000,\n",
       "        0.00000000e+000, 0.00000000e+000, 0.00000000e+000,\n",
       "        0.00000000e+000, 0.00000000e+000, 0.00000000e+000,\n",
       "        0.00000000e+000, 1.00000000e+000, 0.00000000e+000,\n",
       "        0.00000000e+000, 0.00000000e+000, 0.00000000e+000,\n",
       "        0.00000000e+000, 0.00000000e+000],\n",
       "       [4.60474621e-020, 2.37257839e-163, 6.54280772e-011,\n",
       "        0.00000000e+000, 4.13487095e-019, 0.00000000e+000,\n",
       "        6.93685965e-063, 3.84392199e-013, 3.92336857e-083,\n",
       "        0.00000000e+000, 0.00000000e+000, 9.19821659e-262,\n",
       "        4.84393607e-180, 2.12418225e-238, 0.00000000e+000,\n",
       "        0.00000000e+000, 1.00000000e+000, 5.80550020e-058,\n",
       "        4.24818120e-197, 0.00000000e+000, 0.00000000e+000,\n",
       "        0.00000000e+000, 1.69690334e-303],\n",
       "       [7.70204790e-290, 0.00000000e+000, 0.00000000e+000,\n",
       "        0.00000000e+000, 0.00000000e+000, 0.00000000e+000,\n",
       "        8.01577353e-085, 0.00000000e+000, 0.00000000e+000,\n",
       "        0.00000000e+000, 9.19821659e-262, 0.00000000e+000,\n",
       "        0.00000000e+000, 0.00000000e+000, 0.00000000e+000,\n",
       "        0.00000000e+000, 1.00000000e+000, 2.40778579e-111,\n",
       "        3.38076826e-265, 0.00000000e+000, 0.00000000e+000,\n",
       "        0.00000000e+000, 0.00000000e+000],\n",
       "       [0.00000000e+000, 2.36314683e-123, 2.66396009e-103,\n",
       "        0.00000000e+000, 0.00000000e+000, 0.00000000e+000,\n",
       "        1.13449201e-015, 0.00000000e+000, 1.17647965e-050,\n",
       "        0.00000000e+000, 4.84393607e-180, 0.00000000e+000,\n",
       "        0.00000000e+000, 0.00000000e+000, 0.00000000e+000,\n",
       "        0.00000000e+000, 1.00000000e+000, 0.00000000e+000,\n",
       "        2.79305302e-055, 0.00000000e+000, 0.00000000e+000,\n",
       "        0.00000000e+000, 0.00000000e+000],\n",
       "       [0.00000000e+000, 1.91110209e-056, 9.62195737e-145,\n",
       "        0.00000000e+000, 0.00000000e+000, 0.00000000e+000,\n",
       "        3.35780314e-027, 6.95900807e-303, 7.22417714e-040,\n",
       "        0.00000000e+000, 2.12418225e-238, 0.00000000e+000,\n",
       "        0.00000000e+000, 0.00000000e+000, 0.00000000e+000,\n",
       "        0.00000000e+000, 1.00000000e+000, 1.92067505e-069,\n",
       "        2.17279967e-227, 0.00000000e+000, 0.00000000e+000,\n",
       "        0.00000000e+000, 0.00000000e+000],\n",
       "       [0.00000000e+000, 0.00000000e+000, 0.00000000e+000,\n",
       "        0.00000000e+000, 0.00000000e+000, 0.00000000e+000,\n",
       "        0.00000000e+000, 6.10040589e-277, 1.04335029e-229,\n",
       "        0.00000000e+000, 0.00000000e+000, 0.00000000e+000,\n",
       "        0.00000000e+000, 0.00000000e+000, 0.00000000e+000,\n",
       "        0.00000000e+000, 1.00000000e+000, 0.00000000e+000,\n",
       "        0.00000000e+000, 0.00000000e+000, 0.00000000e+000,\n",
       "        0.00000000e+000, 0.00000000e+000],\n",
       "       [0.00000000e+000, 2.92826292e-221, 0.00000000e+000,\n",
       "        0.00000000e+000, 0.00000000e+000, 0.00000000e+000,\n",
       "        0.00000000e+000, 5.62218043e-242, 4.66442407e-206,\n",
       "        0.00000000e+000, 0.00000000e+000, 0.00000000e+000,\n",
       "        0.00000000e+000, 0.00000000e+000, 0.00000000e+000,\n",
       "        0.00000000e+000, 1.00000000e+000, 0.00000000e+000,\n",
       "        0.00000000e+000, 0.00000000e+000, 0.00000000e+000,\n",
       "        0.00000000e+000, 0.00000000e+000],\n",
       "       [1.00000000e+000, 1.00000000e+000, 1.00000000e+000,\n",
       "        1.00000000e+000, 1.00000000e+000, 1.00000000e+000,\n",
       "        1.00000000e+000, 1.00000000e+000, 1.00000000e+000,\n",
       "        1.00000000e+000, 1.00000000e+000, 1.00000000e+000,\n",
       "        1.00000000e+000, 1.00000000e+000, 1.00000000e+000,\n",
       "        1.00000000e+000, 1.00000000e+000, 1.00000000e+000,\n",
       "        1.00000000e+000, 1.00000000e+000, 1.00000000e+000,\n",
       "        1.00000000e+000, 1.00000000e+000],\n",
       "       [3.32097275e-041, 1.66171159e-252, 3.84560188e-089,\n",
       "        6.12152382e-100, 2.12544239e-031, 6.51433411e-043,\n",
       "        0.00000000e+000, 4.86741229e-017, 1.00647654e-022,\n",
       "        0.00000000e+000, 5.80550020e-058, 2.40778579e-111,\n",
       "        0.00000000e+000, 1.92067505e-069, 0.00000000e+000,\n",
       "        0.00000000e+000, 1.00000000e+000, 0.00000000e+000,\n",
       "        7.87025457e-003, 1.46576897e-040, 0.00000000e+000,\n",
       "        2.26821931e-260, 0.00000000e+000],\n",
       "       [4.23575764e-082, 2.33165165e-132, 6.79034250e-032,\n",
       "        0.00000000e+000, 1.19303905e-009, 0.00000000e+000,\n",
       "        5.57976123e-074, 3.45875055e-107, 8.54420138e-068,\n",
       "        0.00000000e+000, 4.24818120e-197, 3.38076826e-265,\n",
       "        2.79305302e-055, 2.17279967e-227, 0.00000000e+000,\n",
       "        0.00000000e+000, 1.00000000e+000, 7.87025457e-003,\n",
       "        0.00000000e+000, 0.00000000e+000, 0.00000000e+000,\n",
       "        0.00000000e+000, 0.00000000e+000],\n",
       "       [0.00000000e+000, 1.79300402e-286, 3.97573732e-256,\n",
       "        0.00000000e+000, 0.00000000e+000, 0.00000000e+000,\n",
       "        3.12596900e-109, 7.13088762e-147, 0.00000000e+000,\n",
       "        0.00000000e+000, 0.00000000e+000, 0.00000000e+000,\n",
       "        0.00000000e+000, 0.00000000e+000, 0.00000000e+000,\n",
       "        0.00000000e+000, 1.00000000e+000, 1.46576897e-040,\n",
       "        0.00000000e+000, 0.00000000e+000, 0.00000000e+000,\n",
       "        0.00000000e+000, 0.00000000e+000],\n",
       "       [0.00000000e+000, 0.00000000e+000, 1.07639844e-263,\n",
       "        0.00000000e+000, 0.00000000e+000, 0.00000000e+000,\n",
       "        0.00000000e+000, 9.68767057e-162, 0.00000000e+000,\n",
       "        0.00000000e+000, 0.00000000e+000, 0.00000000e+000,\n",
       "        0.00000000e+000, 0.00000000e+000, 0.00000000e+000,\n",
       "        0.00000000e+000, 1.00000000e+000, 0.00000000e+000,\n",
       "        0.00000000e+000, 0.00000000e+000, 0.00000000e+000,\n",
       "        0.00000000e+000, 0.00000000e+000],\n",
       "       [0.00000000e+000, 0.00000000e+000, 0.00000000e+000,\n",
       "        0.00000000e+000, 2.21726636e-156, 0.00000000e+000,\n",
       "        4.61332661e-299, 0.00000000e+000, 0.00000000e+000,\n",
       "        0.00000000e+000, 0.00000000e+000, 0.00000000e+000,\n",
       "        0.00000000e+000, 0.00000000e+000, 0.00000000e+000,\n",
       "        0.00000000e+000, 1.00000000e+000, 2.26821931e-260,\n",
       "        0.00000000e+000, 0.00000000e+000, 0.00000000e+000,\n",
       "        0.00000000e+000, 0.00000000e+000],\n",
       "       [0.00000000e+000, 0.00000000e+000, 0.00000000e+000,\n",
       "        0.00000000e+000, 0.00000000e+000, 0.00000000e+000,\n",
       "        0.00000000e+000, 0.00000000e+000, 0.00000000e+000,\n",
       "        0.00000000e+000, 1.69690334e-303, 0.00000000e+000,\n",
       "        0.00000000e+000, 0.00000000e+000, 0.00000000e+000,\n",
       "        0.00000000e+000, 1.00000000e+000, 0.00000000e+000,\n",
       "        0.00000000e+000, 0.00000000e+000, 0.00000000e+000,\n",
       "        0.00000000e+000, 0.00000000e+000]])"
      ]
     },
     "execution_count": 69,
     "metadata": {},
     "output_type": "execute_result"
    }
   ],
   "source": [
    "#tambien se podía con reshape\n",
    "(np.array(lista)).reshape(23,23)"
   ]
  },
  {
   "cell_type": "code",
   "execution_count": 39,
   "metadata": {},
   "outputs": [
    {
     "data": {
      "text/plain": [
       "[0.0,\n",
       " 1.1964565685935438e-103,\n",
       " 5.518427038649143e-68,\n",
       " 6.055814598336576e-78,\n",
       " 0.0,\n",
       " 0.0,\n",
       " 5.501707411861009e-31,\n",
       " 5.0229776137324786e-216,\n",
       " 0.0,\n",
       " 0.0,\n",
       " 4.604746212155192e-20,\n",
       " 7.702047904943513e-290,\n",
       " 0.0,\n",
       " 0.0,\n",
       " 0.0,\n",
       " 0.0,\n",
       " 1.0,\n",
       " 3.32097274916963e-41,\n",
       " 4.23575764172306e-82,\n",
       " 0.0,\n",
       " 0.0,\n",
       " 0.0,\n",
       " 0.0]"
      ]
     },
     "execution_count": 39,
     "metadata": {},
     "output_type": "execute_result"
    }
   ],
   "source": [
    "lista[0:23] # intento separar la lista en lista de listas"
   ]
  },
  {
   "cell_type": "code",
   "execution_count": 55,
   "metadata": {},
   "outputs": [
    {
     "name": "stdout",
     "output_type": "stream",
     "text": [
      "0\n",
      "23\n",
      "46\n",
      "69\n",
      "92\n",
      "115\n",
      "138\n",
      "161\n",
      "184\n",
      "207\n",
      "230\n",
      "253\n",
      "276\n",
      "299\n",
      "322\n",
      "345\n",
      "368\n",
      "391\n",
      "414\n",
      "437\n",
      "460\n",
      "483\n",
      "506\n",
      "529\n"
     ]
    }
   ],
   "source": [
    "lista_lista = []\n",
    "contador = 0\n",
    "for i in range(0,530,23):\n",
    "    lista_lista.append(lista[contador:i])\n",
    "    contador =i\n",
    "    print(i)\n"
   ]
  },
  {
   "cell_type": "code",
   "execution_count": 56,
   "metadata": {},
   "outputs": [
    {
     "data": {
      "text/plain": [
       "24"
      ]
     },
     "execution_count": 56,
     "metadata": {},
     "output_type": "execute_result"
    }
   ],
   "source": [
    "len(lista_lista)"
   ]
  },
  {
   "cell_type": "code",
   "execution_count": 57,
   "metadata": {},
   "outputs": [
    {
     "data": {
      "text/plain": [
       "[]"
      ]
     },
     "execution_count": 57,
     "metadata": {},
     "output_type": "execute_result"
    }
   ],
   "source": [
    "lista_lista.pop(0) #borro el cero"
   ]
  },
  {
   "cell_type": "code",
   "execution_count": 61,
   "metadata": {},
   "outputs": [
    {
     "data": {
      "text/html": [
       "<div>\n",
       "<style scoped>\n",
       "    .dataframe tbody tr th:only-of-type {\n",
       "        vertical-align: middle;\n",
       "    }\n",
       "\n",
       "    .dataframe tbody tr th {\n",
       "        vertical-align: top;\n",
       "    }\n",
       "\n",
       "    .dataframe thead th {\n",
       "        text-align: right;\n",
       "    }\n",
       "</style>\n",
       "<table border=\"1\" class=\"dataframe\">\n",
       "  <thead>\n",
       "    <tr style=\"text-align: right;\">\n",
       "      <th></th>\n",
       "      <th>class</th>\n",
       "      <th>cap-shape</th>\n",
       "      <th>cap-surface</th>\n",
       "      <th>cap-color</th>\n",
       "      <th>bruises</th>\n",
       "      <th>odor</th>\n",
       "      <th>gill-attachment</th>\n",
       "      <th>gill-spacing</th>\n",
       "      <th>gill-size</th>\n",
       "      <th>gill-color</th>\n",
       "      <th>...</th>\n",
       "      <th>stalk-surface-below-ring</th>\n",
       "      <th>stalk-color-above-ring</th>\n",
       "      <th>stalk-color-below-ring</th>\n",
       "      <th>veil-type</th>\n",
       "      <th>veil-color</th>\n",
       "      <th>ring-number</th>\n",
       "      <th>ring-type</th>\n",
       "      <th>spore-print-color</th>\n",
       "      <th>population</th>\n",
       "      <th>habitat</th>\n",
       "    </tr>\n",
       "  </thead>\n",
       "  <tbody>\n",
       "    <tr>\n",
       "      <th>class</th>\n",
       "      <td>0.000000e+00</td>\n",
       "      <td>1.196457e-103</td>\n",
       "      <td>5.518427e-68</td>\n",
       "      <td>6.055815e-78</td>\n",
       "      <td>0.000000e+00</td>\n",
       "      <td>0.000000e+00</td>\n",
       "      <td>5.501707e-31</td>\n",
       "      <td>5.022978e-216</td>\n",
       "      <td>0.000000e+00</td>\n",
       "      <td>0.000000e+00</td>\n",
       "      <td>...</td>\n",
       "      <td>0.000000e+00</td>\n",
       "      <td>0.000000e+00</td>\n",
       "      <td>0.000000e+00</td>\n",
       "      <td>1.0</td>\n",
       "      <td>3.320973e-41</td>\n",
       "      <td>4.235758e-82</td>\n",
       "      <td>0.000000e+00</td>\n",
       "      <td>0.000000e+00</td>\n",
       "      <td>0.000000e+00</td>\n",
       "      <td>0.000000e+00</td>\n",
       "    </tr>\n",
       "    <tr>\n",
       "      <th>cap-shape</th>\n",
       "      <td>1.196457e-103</td>\n",
       "      <td>0.000000e+00</td>\n",
       "      <td>4.635778e-206</td>\n",
       "      <td>1.249975e-220</td>\n",
       "      <td>1.811119e-112</td>\n",
       "      <td>0.000000e+00</td>\n",
       "      <td>3.135646e-40</td>\n",
       "      <td>1.879772e-10</td>\n",
       "      <td>5.169179e-209</td>\n",
       "      <td>0.000000e+00</td>\n",
       "      <td>...</td>\n",
       "      <td>1.911102e-56</td>\n",
       "      <td>0.000000e+00</td>\n",
